30293
18760
1928
4199
28131
27619
25345
17513
28404
26594
13841
1871
23784
4946
29499
28391
17511
26526
13139
17368
28403
26590
1459
2692
2693
4641
10888
11780
23965
3163
3166
5552
10550
23604
26768
27923
24672
25781
5
21802
29960
11475
687
1945
8001
2219
3095
9284
26348
29496
10384
31571
4481
1862
22512
3178
26682
28839
21509
19848
22
20303
18502
28095
15405
20284
18756
18727
27313
30331
10425
28941
24247
24489
18709
7927
23996
18858
24074
7271
29302
20977
14255
24643
26589
10358
2496
13580
5433
20300
11716
28094
26796
18724
4273
22928
14621
18591
1872
15719
6252
22177
14252
11394
30303
25321
626
12488
31238
28392
28849
23821
23823
25208
1243
28188
31139
11153
28690
18503
28529
1740
23535
13839
27702
102
3165
26351
27258
13439
6146
27620
8003
10385
11358
16100
28186
28185
6314
19598
18762
23626
16846
19041
21303
17536
28096
18504
2869
10576
23519
4545
18761
4272
26752
9187
13365
14510
16713
23041
26685
10828
28359
28398
6144
6019
10442
23876
26976
14253
19854
1180
28848
31830
18608
28
18895
7264
3580
18507
26794
27707
27399
29194
23568
25549
26684
1580
28019
27264
28397
14269
18286
28116
17433
27492
11383
16864
21
11907
6147
18857
10429
26835
21656
4945
14487
28357
28209
26527
6408
26591
22241
2154
20283
11662
21606
24146
26530
5937
27138
5369
3267
4552
26812
21424
8530
10631
3578
31134
9772
21045
28033
22193
945
10424
12238
40
19443
26792
26990
515
29715
23231
8742
12070
27106
4258
9725
1539
3875
18595
10423
6573
27958
5203
10383
18625
28049
1944
29301
27477
20329
20823
14268
1528
14488
13958
26593
12210
23202
14756
27621
28876
5938
27139
18614
28267
18997
23663
9970
23945
26771
12725
7770
30830
7128
7193
24284
14263
26401
17432
17509
8400
27730
29190
16702
26681
18202
18501
4113
23191
18
19112
20282
12237
29197
25525
6074
27116
26689
5613
11895
7249
182
22381
23574
23330
291
12955
29417
28405
30168
15838
25447
24683
19849
18950
12672
7144
28210
28401
26767
25800
9727
30237
1362
7299
2816
6023
19619
24488
1354
6736
21425
9654
2012
24684
16712
21046
15404
12248
28189
18860
15720
11847
1181
30488
16769
29500
28098
18561
24883
15718
13591
26686
6411
28878
5965
20275
28728
24169
27920
1207
1242
20975
25727
3874
2691
23656
7238
23140
10889
20102
7268
17411
7997
20366
34
11774
13638
23230
23326
6839
3096
31132
7261
27398
20105
29191
1281
22178
18905
1351
27134
25990
13349
26754
23366
29495
18856
17928
30332
2860
18313
27665
15601
15613
29128
26637
14106
20805
11334
1336
23408
12236
26390
12454
22176
6018
10428
1280
18848
27400
17494
31769
23473
1237
9724
24944
18559
15022
17619
7112
9258
25548
18849
3369
23209
21184
29775
4201
11714
11049
12399
3643
23676
7032
18603
3690
6020
27820
4271
2026
23869
11778
9283
101
2398
15837
24008
28396
29416
10190
17538
7107
23682
28847
25894
30302
25255
18036
18859
18729
28402
27312
12634
12887
13717
26706
3714
26699
6148
27438
24473
7728
12525
29716
28249
26776
31677
11033
28400
8592
5934
7102
15615
16812
1100
27140
2540
28607
30811
3577
31138
27056
2107
27716
7275
27723
14490
13674
23523
18850
17609
8264
29498
5770
21801
31110
23538
18203
18996
16714
30292
24360
25524
23327
7105
16770
12719
152
23289
2820
27615
15960
27491
7549
25236
26273
27725
28419
908
933
1529
9500
31676
26570
18852
25887
28306
24015
31891
26846
17
11393
11768
11065
25471
25786
7239
10964
26592
303
6690
28467
12954
28091
18719
18578
28190
4164
26816
3790
25546
209
20959
17639
19730
13579
10430
7255
28852
22382
18846
27854
26350
357
21622
31043
27493
26747
20276
23619
25833
26349
20424
20368
1919
28124
12785
13893
25783
3587
25935
27478
7217
19775
11386
26508
18576
7576
23966
20480
10927
8032
2339
28162
23260
27731
27965
15406
18011
23439
12108
18855
28614
30044
18851
609
27065
25251
3642
17089
20613
27318
3672
7944
26891
26529
1544
27919
21272
21348
8634
28515
23392
14685
3147
27622
22415
12832
13721
11551
10705
13905
28015
16271
6393
16941
28175
23750
2000
6799
27392
11540
12484
18863
7241
19134
31317
19399
11513
6778
7400
12555
11361
6427
26140
12398
1265
25614
21001
23655
26388
22498
6563
28043
5929
23300
1440
3336
25972
27359
26765
2422
32046
6145
23970
28394
26402
4165
27471
27490
9232
12034
8474
19621
26515
28395
27115
24173
15722
1254
4822
4114
6420
13641
401
31553
395
23987
1848
29341
1077
409
7164
14105
28390
4715
31822
9521
28812
31318
23978
28863
6428
26955
1444
30217
899
3321
21508
18847
14491
17423
16771
26609
3599
28819
3405
28617
14203
26620
23503
15134
14254
17983
28590
14200
28514
2797
26847
24143
17385
10305
13865
24085
25145
10886
28410
5289
31663
26901
27784
23491
4332
6231
11973
24680
14547
14716
31133
2292
28244
14868
12491
24523
26635
10834
24398
22483
24283
9221
23751
368
11360
28183
15550
15946
31658
31406
8678
14549
17324
1250
709
30126
19142
26953
8875
3664
10844
6535
17770
2155
2835
20294
28025
18473
27489
10331
22921
5814
22336
6287
20487
26969
24703
20411
5898
25657
317
21103
16600
3322
30319
28342
7355
17027
10504
24696
11139
11366
1111
21401
11080
1669
25844
13637
20746
17343
12524
2790
11076
5666
31213
12565
16823
17286
12588
14214
26872
19947
15068
19192
27601
4529
24075
18826
20548
17551
17618
20330
8497
13554
29250
25461
14379
16685
15666
13295
5729
26992
8598
19012
10755
10804
11206
23056
1438
9878
17244
5398
20996
159
23791
20689
9287
27503
31040
21183
22942
1344
18343
14028
18798
21725
6726
31998
6306
30906
7046
24727
14870
7494
26198
805
28453
23566
10344
18985
25721
11722
31118
7556
31766
21578
26482
4229
13899
22378
13794
4597
10136
15993
25995
29903
4727
19961
17151
26498
12736
4824
28764
16099
10490
30526
5535
16588
26732
26906
18391
9531
20536
17747
1477
2732
27972
31465
23521
31051
26758
5067
10769
11713
23195
20100
17731
478
9229
22017
10380
12730
4921
13675
24281
28351
19418
4734
5286
1284
221
1442
11484
20783
26958
28713
5360
29944
25536
21849
464
15073
29811
12201
11628
28509
28295
24016
16726
10246
18792
20704
18119
21462
30581
11193
23172
9361
11970
27542
19110
18868
1014
10523
29307
25537
3807
20523
25779
22897
8176
21092
10790
1321
20450
18824
30686
4588
16754
11728
6739
17338
27926
949
25838
16564
19031
30892
17031
29991
19461
13593
25778
3185
18794
9307
15525
24418
27671
26722
28223
15197
20830
23853
28433
2524
31828
13633
17493
28021
11182
24105
2951
26730
29604
1550
20327
3792
9320
19991
1161
9378
27788
9256
26266
29877
10524
21945
7201
1654
15066
10594
9810
11807
11097
4060
31674
19489
27386
13085
30014
9742
10652
31352
6031
23222
9181
17587
8586
30151
30294
10665
10955
14229
11246
18861
1541
16738
11091
12941
476
9717
30032
25238
2004
30189
19133
18941
26411
19045
1625
2366
18134
26926
16324
13630
1530
353
22021
31080
16850
13659
17560
28661
9596
17730
10072
13374
259
29448
11988
26324
17403
15934
2047
17114
31594
20725
14960
22526
31900
15752
6875
23843
21392
1923
14539
27689
1234
16080
10132
28487
31137
3879
3366
14110
23337
29770
19226
1118
31740
28243
13920
28964
14871
31654
4080
14048
2564
492
15037
17122
2970
31320
30318
22289
3827
12936
9909
16929
16360
28299
16219
28447
4524
22918
3248
17088
23401
8245
17623
28369
16024
24629
857
24445
28947
28774
6432
17693
28414
28338
11619
10458
7148
19102
9869
4749
6705
18673
16221
20061
1455
17220
14562
1306
29628
10501
1187
15195
26343
4991
14344
18148
29862
31729
23907
3907
6871
19288
9201
26396
6039
27719
6416
7024
3223
154
11953
11054
11364
10309
27703
11522
20235
12463
8565
28156
21786
930
32018
20334
19146
20317
31624
5765
12364
12717
12468
26775
21200
20155
22214
16628
331
26492
616
13758
25426
813
18094
8763
20922
1742
1005
1039
23749
13134
11875
13508
28292
17614
18769
23635
22417
10897
6251
27833
29346
323
30872
2359
11173
25652
12621
1073
4879
10445
22335
14258
16399
22438
19477
8174
23685
5935
13789
9799
3923
27962
32138
9546
13162
8796
5901
32075
27242
18342
1049
10567
4592
31694
10845
25529
2807
24501
10936
27252
22151
681
4371
3586
18089
6447
30374
9194
19394
21618
23822
24363
6591
3229
27480
27594
30802
21108
30138
20476
21554
21646
23616
15788
3027
13489
23235
765
5843
9070
7123
17083
7127
10913
30162
19882
10398
1463
11449
28037
17444
16751
8271
9908
22158
28562
20835
15130
192
5222
994
5277
10196
20468
23664
10336
14600
4424
16849
3560
30000
5350
21785
5185
5279
7158
4559
21472
10323
16918
26680
30198
5202
3929
16032
1177
19930
25382
27630
28256
27226
15152
7836
30729
2527
26819
13551
19409
4516
29249
19090
11328
977
31371
9759
15268
24152
12461
10691
14862
14608
19606
19688
10670
1785
6346
25574
10728
2079
30270
28698
9332
30297
9025
9842
26163
14055
8389
15596
24235
14571
4952
21752
15301
15140
21706
13252
27278
12377
22345
12143
25955
15599
28187
1115
30248
4746
3824
10146
21896
12681
12700
9655
2487
7085
18004
14419
20230
1182
18843
12037
17593
3370
9502
18360
20951
31765
8108
14501
31598
9063
19247
20320
30582
3841
20117
30747
22563
18228
24470
15928
29647
17842
26602
9010
24527
21012
29167
4653
19502
3943
14457
2337
8396
10354
23590
16337
17447
16189
3200
31742
25687
27248
23128
10814
18636
29659
27304
480
19271
5926
10667
26965
22344
15091
3553
2342
19239
13825
8428
29942
28061
19351
21497
13151
5588
10887
12042
212
10995
11024
11267
16150
28014
10549
15581
25607
12750
27074
19296
5368
8319
2466
14729
11094
21585
26129
22534
21064
27580
7745
8733
3396
806
12674
21885
16327
4724
18973
23662
23781
16965
6113
19103
18801
18477
4485
21203
2818
11374
6959
10496
4182
24297
18233
22387
31767
11356
1079
20625
19445
22367
28480
8422
14910
31301
22245
27052
15919
25474
15451
23967
1745
1239
8452
26866
17962
17459
1202
16909
30960
12670
23884
1548
14360
10805
13714
26261
16174
29847
30591
3775
5708
19451
3217
10776
25434
26505
11510
18393
27133
718
11359
12421
13705
21713
20813
4037
27274
31295
30174
11476
8690
12176
21124
9266
904
28057
23929
12069
6278
30369
17896
10586
26737
27656
5438
19030
19292
4057
26357
898
18448
30255
30019
3708
30770
24980
31673
15381
1823
29391
1717
23229
18555
18243
28518
12815
3960
5481
5914
24775
10441
9059
29399
8729
6712
14669
25478
13701
29220
26553
1609
6291
31415
25384
12410
5612
9186
13592
21686
20678
27823
27769
29478
19294
31357
15015
20770
23376
18556
30388
7081
30199
20806
9998
14262
5427
9795
6053
7145
28452
17844
23456
6272
5781
25401
6631
10826
8000
14963
13245
9007
6337
10242
31280
702
17331
28333
27362
16883
28511
13968
27508
30284
26828
24446
13082
27393
9941
16550
17115
16568
14413
17931
26883
16368
12064
16453
20629
8130
27201
17743
15494
24330
28347
2967
12419
31652
10350
21670
14047
13142
19352
5199
26626
27173
10700
4257
17953
28438
7446
28341
1513
19386
23670
24717
15450
1448
29312
8334
27847
14898
17519
9597
30849
17330
1427
16874
19238
29893
31788
17735
32014
19020
23621
31446
1101
21095
20871
29859
5834
744
9455
18970
31241
14241
15500
435
16348
12805
13300
28768
28749
19194
5127
820
14806
28801
22408
14579
14976
10710
9629
19362
10244
7477
26522
19404
3859
24434
1460
17141
16924
5585
10307
1632
10087
22537
27785
27305
5645
23797
31671
14489
5420
26694
14867
31167
16181
23748
20113
13159
9069
2502
424
1569
6093
21029
20301
13917
11924
1383
559
6130
29922
3964
23427
25320
15320
13740
17570
1133
10437
15844
18027
25541
8002
11715
14509
28999
29805
30176
6932
7113
21471
9339
30249
6114
20023
10013
27321
12669
24887
21892
29660
1878
26486
8713
31972
19470
29515
26677
8765
9712
30837
30373
30855
13856
1150
9210
27483
21044
9910
18881
21751
8129
1078
1933
1080
17942
18298
30385
31924
31273
11077
30525
27811
15539
6140
12018
24750
3743
7780
10969
30213
4300
14622
14875
30308
1447
11313
20070
18355
28516
28903
21232
25046
13246
17503
498
21450
12982
13618
12320
13423
24585
20970
23757
20405
14863
5998
1167
4431
4445
17266
12244
21197
27081
27244
17894
15860
20039
624
9425
30196
29297
20782
7987
20221
29780
31101
23595
22419
24796
2488
25772
348
27161
23105
3903
23589
26289
29480
31392
1002
18288
23620
14168
17013
13224
28072
23259
11119
13375
689
29744
16969
19417
31011
29114
20505
19059
29142
459
9694
20281
4649
21047
18417
16646
10666
28319
2836
30489
963
9460
28194
614
13581
26653
21262
5077
10279
30095
2003
10095
18155
24212
4882
20336
13419
3945
28806
14512
4730
13994
21391
26560
8605
3161
11453
17641
11590
11420
28058
27370
14785
14559
18821
12126
23827
7429
18277
2494
27928
24084
20769
18402
10634
7270
10689
25774
12781
15307
32045
6341
7719
10756
25820
12760
28440
15974
29889
2949
2465
16063
3552
15408
12013
16867
149
24087
11899
20999
27610
10507
13121
4932
20976
26931
29299
9543
16123
31530
14962
5855
28570
11834
23601
31522
24895
28364
1670
9371
28850
16168
8521
17388
17637
23866
7250
25452
15780
9152
13322
32088
21583
13660
11250
20448
2099
8613
27653
369
27494
26323
1784
18907
26947
25352
13100
3860
5710
20824
9870
10382
188
11036
12883
14264
16695
19468
24460
30015
2674
9157
2167
24119
18324
7984
27050
12919
14225
21873
19332
16119
22122
1329
8950
22495
24939
3124
2038
4971
2734
31343
30713
31416
20291
12953
5130
23393
6998
1042
12804
21710
18711
942
27652
11255
28907
6463
5716
19777
14975
3932
23904
21769
16166
3866
4405
17948
23460
15399
12137
11064
16156
1021
19092
26923
27217
28908
29447
13015
18274
17979
11499
29982
27222
26581
30415
20851
893
8860
23944
27741
4748
11957
18622
6056
30423
30977
26215
24135
7153
7924
6003
17554
18371
18487
10741
15614
6000
18527
12906
29325
20752
27389
28689
617
10598
28048
12590
3068
12702
31761
13993
1560
21860
10235
25361
1359
13812
17265
19879
23943
9241
16005
29768
11584
29714
24251
17106
11316
14058
1275
25836
9428
28322
4019
10907
6449
24383
26284
5331
30510
9472
6063
18808
19244
26731
5510
14306
627
3706
26986
21290
15617
24382
2218
1665
6851
5853
25141
30656
2138
26941
29736
3452
28958
9174
26760
7759
9681
5394
23317
30970
19254
27374
16829
3828
180
13406
2140
8104
8774
11817
12340
27967
27910
7219
18404
26434
27410
4340
2893
19158
14129
4923
7834
17167
12079
20716
27009
28799
3060
1149
30513
27089
29679
27314
25693
20566
32012
24588
4482
19853
24287
29946
29693
31083
29225
184
3459
1899
10996
850
9726
15609
16408
27271
20549
2804
1511
31157
23095
22112
27773
10863
16863
9529
28088
10879
5334
7368
993
13484
17313
18041
15466
20894
17284
29899
9260
12706
10724
28471
19442
20847
23846
30289
5873
2278
25179
10014
29931
14937
29281
23190
27709
28573
2034
15707
19302
12302
15712
7506
13395
28629
18691
25244
15042
31419
25965
8526
11245
31440
27672
31282
27351
10103
10357
8125
26341
26511
14067
24054
12514
31750
247
31872
12190
9321
9208
26080
20635
22012
5922
18159
14374
20793
23742
30188
5619
23858
29065
4794
25880
31094
27487
663
7632
8588
3085
27583
31387
24221
12980
12185
18163
20940
29442
25257
2381
16404
21034
1588
16206
25291
7450
23148
24923
16651
6764
10890
4140
4626
16887
14350
13867
1861
17153
22460
26260
9788
29653
9289
3081
3614
25893
25714
7816
13979
3895
3541
6531
27698
11573
10561
22531
27934
20664
18883
25270
26426
32119
1376
4569
12654
22065
23084
6228
12502
30037
27974
16914
32019
19033
23923
30603
17783
18337
7350
28373
15693
23442
7066
13664
22301
21361
8320
24390
28382
7550
28370
26678
30707
5640
30518
9821
25983
1721
13389
10732
29551
14322
23470
9700
3752
25932
10688
22469
5135
3352
531
23506
16186
17054
19467
11230
28032
13808
22000
9294
12436
30570
27616
8375
1946
1131
3487
17563
23660
4760
27952
2401
5522
30469
2873
10044
25136
9035
16257
27947
21530
24091
23816
25856
20749
17152
3689
21953
5570
18617
19521
13150
14680
7176
1341
10747
29237
1811
21965
18624
18034
29872
27084
6912
26081
15326
8741
5957
21131
12939
1232
16449
21636
19700
11813
21655
7277
6507
25108
226
21457
28991
22092
29792
6006
3444
24274
28521
12195
22564
4185
14774
26868
7333
18175
2013
19340
29451
2211
20271
28954
19804
20694
19053
27843
3673
24342
32023
28646
15388
29670
4110
8619
16644
15018
1053
23955
2108
7173
1090
10390
30207
7327
23294
12257
7714
13307
2058
12543
12417
17813
8297
27283
6092
14861
1258
16620
17946
21861
28794
24167
26543
28732
15518
324
26178
7229
4557
13255
13991
29057
19212
17086
6650
9135
28224
14589
4809
11765
26909
29823
13601
8837
29289
2027
28846
9943
31836
783
12656
24602
3255
2095
27364
6098
17400
261
16184
28376
19398
14755
26690
3483
4260
5995
8163
26957
23197
4966
11137
16136
24770
18968
3121
22843
30533
30709
12167
11164
24712
14242
13184
22466
28574
32148
30403
23345
10574
7827
26841
21526
15354
16756
26293
20045
13013
4713
23221
30566
11382
761
3942
21248
24000
12904
14340
30918
27300
15908
6937
8858
1088
4269
13790
13408
2191
18566
28275
1335
915
16482
1030
22895
29813
23848
6862
6648
23673
13468
29074
4624
18300
15376
10061
17547
4514
9073
5478
4193
23196
12155
24004
1478
10640
7814
5752
18965
14020
8009
20180
1098
10338
31308
20620
14851
170
15058
6901
11074
5379
14860
13510
16390
16593
22009
22876
10802
26688
32067
21322
5247
10568
12680
19620
20680
28086
11604
29995
14281
1855
11923
2212
13196
22219
10762
21766
21870
31053
6409
19201
27148
11906
17376
4961
15189
27388
5859
3720
26613
5727
23214
8509
22436
8870
8970
24334
29061
25662
1907
30880
12081
8322
15991
21663
10876
30205
5759
27638
30396
30375
10910
20218
21480
2814
8667
7042
11178
12666
30755
23444
1370
22860
28206
12522
2230
5242
9969
21754
25266
27727
2294
29107
31402
25328
2610
9209
19422
15670
7636
25716
9664
12230
19927
5471
4467
23225
6740
29407
31570
30657
13771
26849
15980
29315
28132
13444
8138
2245
19953
15220
26790
12663
7500
3947
7097
25271
4685
18358
25484
8370
2384
28788
7704
6371
7795
27353
8114
4042
26039
12533
11120
10644
7031
1725
11259
14119
23900
785
11275
26042
560
7005
21532
17434
21718
23217
5673
27093
24028
24845
30159
232
29848
30181
5811
27385
12541
6924
12346
1711
17084
15499
11523
12761
12121
14138
14599
17085
9796
31806
24366
28266
29276
31445
12650
6022
22153
6635
4412
8676
27862
26049
13918
16279
31236
15226
6545
26156
28078
22586
7923
31200
25313
6072
13384
21693
8545
8705
29019
20183
15648
19137
7215
21593
15527
23194
12330
10065
742
28409
26288
28117
1452
20472
14298
8145
18782
3010
16037
20714
21316
877
15523
11959
8364
11027
8702
3419
13340
21369
27637
25985
8252
29001
9453
24841
2762
7669
28822
30438
31623
26408
23981
20292
31510
11651
31832
23649
196
8975
1748
20968
17405
26905
17988
26813
20242
15137
18544
21605
3697
24949
18694
5683
26572
7762
22865
18780
16188
32102
25732
8303
3618
2365
1708
10346
28413
29617
13137
5403
1520
20541
19546
5106
25551
17921
15955
16230
16294
27957
22164
8889
18515
29369
31247
4935
21241
30048
6087
2352
15400
23149
1289
11726
4070
24197
14239
25047
26860
29332
24127
27826
5080
1739
9274
6165
7221
5178
24484
2638
15369
8170
31634
28326
28672
13161
2784
6453
26711
32001
13571
3310
29650
7325
5151
8309
688
17090
28681
19187
19626
16653
1340
16425
5774
4553
9340
17665
28957
3018
5228
19786
19290
11187
12030
10560
26371
14337
6248
7809
10183
22954
18138
3845
7968
23778
18977
5603
4918
3925
25109
5676
7547
30050
7404
7041
8974
15025
18999
28323
19828
15541
23227
8807
7681
21640
8336
30182
15115
22251
23887
26541
31989
28232
27715
21004
6516
13071
29109
6971
9873
6640
937
9675
19885
17274
23492
4947
15622
13514
3219
8993
674
16315
30134
1527
4048
12053
9915
14572
6363
27857
29538
10976
21682
19114
24863
22008
25654
25473
2794
25074
7589
12309
30073
11299
21417
18513
30316
26074
22222
26966
14184
17582
9747
332
12609
23360
3725
25710
1617
22108
13996
15497
24991
5459
19185
13438
1978
239
710
26989
944
17934
14856
5467
9416
6465
13585
1494
1646
19617
27505
26962
6157
3892
1041
19266
829
13482
13561
27515
7779
1484
28450
9787
6936
25556
5764
6511
27877
26631
8086
21087
24492
13904
27160
1472
27249
32047
31973
11792
12308
18935
28102
26044
8674
16724
5986
27885
23798
15254
5632
6121
22916
286
27674
32005
27199
3327
18211
12357
23298
5422
4294
15665
9851
2188
6716
23336
13345
31131
20998
5748
6908
1770
27868
18092
29765
10165
22144
30141
22947
2157
4816
5724
30706
17522
11089
11748
14842
26749
26864
6186
27941
20781
3693
3103
8816
11335
10986
26954
23334
29378
20854
29463
23998
8092
7649
7880
23051
3849
17923
26809
9033
21437
9295
18639
29878
26427
23864
12103
13437
18422
1338
8388
29310
27114
17784
825
28624
19081
16158
23811
9993
17375
8094
10868
3704
24576
31106
4082
28936
18043
14832
1601
9226
5366
19456
6944
12830
23346
26265
15948
29578
7831
22239
26607
635
19965
2327
19510
17550
18640
16274
27942
26417
23435
28345
30122
27511
18496
16351
13640
3420
16135
12445
19610
19121
3425
13020
7291
31006
12630
25030
25280
13180
6708
1870
15277
21373
8944
19501
19113
12221
12477
21709
24730
8436
25207
31713
28608
22452
26174
24175
1576
26555
4419
3645
5444
568
4996
11487
8473
4230
6593
21626
13318
26759
29689
1701
15076
27129
29734
24423
26971
28938
12581
7796
17732
31824
9831
3125
999
2694
18426
16028
17232
598
3877
26188
15215
23505
30559
23103
28160
2876
30167
23362
25312
3651
3519
1095
21694
650
5270
15558
15673
21531
9180
26676
26862
14790
19311
1479
8972
6628
23040
28427
19472
9469
29909
28496
18071
2950
24955
16031
19768
29303
27090
23253
275
2097
12220
16848
19174
23871
29037
28527
14122
17512
23617
30281
20394
13208
28733
1216
12157
5179
25202
9100
7415
5551
7753
28821
5172
21491
27632
7101
5728
27047
3751
23248
10308
2663
17103
14069
5583
23211
2599
3579
11092
3230
13564
8585
11270
25212
3028
321
26795
25989
12715
13227
31172
30952
31325
19865
4328
28886
1873
84
25004
27397
10682
6078
8477
26803
7398
30862
32079
8069
1753
906
5528
8149
25991
18145
28877
3623
13709
29772
4852
5964
27629
24864
23940
4470
29028
26562
26659
32037
26475
26938
15166
885
2586
22859
28968
26113
7116
2805
5698
32024
18497
11007
30978
13002
18459
11720
11413
17804
5170
191
565
16920
23933
7051
24486
13008
22384
4972
23077
26441
1615
31146
4652
22242
4135
11337
29737
1319
12094
2612
26381
7653
17460
23184
13254
23201
21196
3063
30919
1361
10664
20506
25069
31882
13231
26729
12179
15663
28841
5370
28488
5103
14359
24529
24522
27848
23396
15762
26274
21488
8594
27186
31603
26110
29620
20006
7328
28212
27214
12810
5523
5353
30171
1731
19299
4248
31564
13062
11306
19731
29017
500
3851
13050
26175
14955
12478
2688
26333
19871
17656
27690
15141
11894
13309
6151
16443
27018
21434
16363
2707
8573
2740
22884
5705
24412
28905
30330
27407
9936
6394
2859
8848
13877
2670
690
27123
4669
29206
22625
23992
28632
6389
27757
1819
27513
23558
5952
3821
30870
28912
28030
13413
30734
23153
26675
10260
26208
426
16838
28971
10497
7823
28955
15045
17140
15056
22562
15126
7800
22194
14942
22900
16640
8706
24947
10891
1817
1470
30635
28648
13176
13493
29371
6264
29476
25431
6257
12566
23875
13366
31901
24159
27037
1598
21675
18524
3115
21890
660
1480
28317
753
4892
1925
20567
5689
27527
27422
12337
21616
2547
13639
10872
30831
29996
24566
28100
25177
30430
20266
4860
10707
5627
28374
20485
19597
3264
692
5652
10265
12855
24300
18098
31144
28652
31497
1963
23533
26493
27117
15209
14800
12516
1736
391
29335
15359
4642
7295
3959
8273
6589
6676
26912
26301
25572
10975
12400
30854
8454
20683
7071
1652
5447
24665
30055
29033
17035
31179
21937
25138
5959
20757
5773
3015
1481
16788
13791
4052
5769
26554
6036
17520
8403
6624
13724
27835
2235
25510
16940
13840
6490
15192
2318
22653
3918
11429
24319
31940
5496
18246
15700
1507
31939
32052
8113
6384
28431
3176
17194
31511
6373
5019
9471
13292
28771
7788
21148
2633
24344
10351
29053
2289
27257
6869
10918
8903
10630
20885
1345
26738
28834
24145
11562
7104
1797
31231
10106
15247
5939
29461
15706
30426
5280
7620
26898
10037
23826
20890
260
3391
24351
21768
19762
13846
13503
7771
14013
12699
29636
12448
29575
18270
27662
12789
25750
21673
30636
26233
5341
14449
3031
12297
2701
6315
25418
3489
3753
8318
19881
6101
23234
6991
22491
2286
19654
2809
28709
3442
10736
863
13753
1004
8140
1314
31821
12735
28123
24613
1915
20137
20930
3908
26051
9499
10656
25025
14148
272
4196
5936
7435
19829
2210
24805
1301
10254
24118
7063
15393
21343
27026
8919
9017
1847
1495
20166
11667
13462
25870
13505
9268
15679
31454
27895
9545
11805
30142
29485
252
15696
5400
26384
22174
21126
18338
181
13113
13049
5133
26940
16429
29129
9402
8419
4252
4356
30893
10033
11121
20399
24820
8046
15004
10348
26209
2475
5161
20616
178
4658
14952
793
10047
30774
30996
11256
15681
15110
26894
5726
24094
19940
23951
29851
14312
14366
32097
30468
6572
19616
30143
25089
6339
4280
18061
8540
12275
7444
5397
23555
1985
24392
18482
27745
27729
12107
11148
12648
22558
4190
14351
13609
26946
28205
9130
7866
27315
23322
28628
1849
9647
28769
18295
4835
4161
12231
27856
21187
3410
619
1219
943
5482
7525
7365
31237
23255
3712
20986
13957
1662
1809
17491
11819
12772
18926
7559
4789
20759
21309
27208
5639
15200
1270
12485
12391
26683
26496
5136
10819
11341
18505
18939
951
11129
1565
2071
860
12526
1191
13940
26249
14722
18201
16423
17929
18574
31178
7394
26278
3430
14934
23867
24773
2621
28231
23679
8401
5633
9927
13348
335
11867
21167
8173
18563
18287
27007
28875
26009
4013
10577
2350
21840
496
7530
16414
5749
27600
29218
19303
28851
3184
2153
1245
23216
28593
19574
13937
3616
5399
14215
27728
25440
4543
23786
28840
25705
12487
18758
18854
15023
23210
1282
2117
9491
11362
26399
23919
12961
952
27282
23588
26131
6496
28478
6035
325
24726
3814
210
